time	diversity	m_div	M_div
0.0	55.0	55	55
0.10022289436347377	65.0	65	65
0.20044578872694754	69.85	69	70
0.30066868309042133	71.0	71	71
0.4008915774538951	69.0	69	69
0.5011144718173689	68.95	68	70
0.6013373661808427	74.95	74	75
0.7015602605443164	82.0	82	82
0.8017831549077902	100.0	100	100
0.9020060492712639	98.05	98	99
1.0022289436347378	99.25	99	100
1.1024518379982116	99.1	99	100
1.2026747323616853	99.0	99	99
1.302897626725159	109.1	105	110
1.4031205210886328	114.0	114	114
1.5033434154521066	110.8	110	111
1.6035663098155803	96.0	96	96
1.703789204179054	96.3	96	97
1.8040120985425279	119.3	117	124
1.9042349929060016	157.9	157	159
2.0044578872694756	147.95	143	151
2.104680781632949	119.8	119	120
2.204903675996423	130.0	130	130
2.3051265703598967	129.0	129	129
2.4053494647233706	128.8	128	131
2.505572359086844	158.8	157	159
2.605795253450318	167.0	167	167
2.7060181478137917	174.0	174	174
2.8062410421772657	163.1	161	164
2.906463936540739	152.9	151	155
3.006686830904213	145.9	145	148
3.1069097252676867	147.1	145	148
3.2071326196311607	144.6	142	147
3.3073555139946347	139.65	139	141
3.407578408358108	146.15	144	157
3.507801302721582	198.95	197	210
3.6080241970850557	214.35	209	216
3.7082470914485297	213.3	207	215
3.8084699858120032	201.7	177	210
3.9086928801754772	151.05	126	178
4.008915774538951	122.25	121	123
4.109138668902425	123.35	118	125
4.209361563265898	119.0	111	123
4.309584457629372	112.2	106	119
4.409807351992846	109.0	106	115
4.51003024635632	109.4	108	111
4.610253140719793	110.75	108	111
4.710476035083267	110.8	110	111
4.810698929446741	111.95	109	122
4.910921823810215	122.55	112	144
5.011144718173688	140.8	135	144
5.111367612537163	147.05	141	154
5.211590506900636	164.65	148	184
5.31181340126411	175.0	161	193
5.412036295627583	163.55	154	195
5.512259189991058	155.15	152	176
5.612482084354531	135.55	119	158
5.712704978718005	102.8	84	144
5.812927873081478	97.35	96	102
5.913150767444953	101.75	101	104
6.013373661808426	100.4	98	106
6.1135965561719	101.4	96	103
6.213819450535373	100.05	95	106
6.314042344898848	97.85	95	99
6.414265239262321	99.5	97	102
6.514488133625795	99.5	99	100
6.614711027989269	98.8	96	101
6.714933922352743	98.4	96	105
6.815156816716216	101.25	98	107
6.91537971107969	105.45	98	138
7.015602605443164	143.55	135	181
7.115825499806638	189.85	179	202
7.2160483941701115	207.2	204	212
7.316271288533585	208.4	205	214
7.416494182897059	181.55	171	217
7.516717077260533	193.4	176	245
7.6169399716240065	205.15	201	219
7.71716286598748	202.95	202	203
7.8173857603509544	195.45	183	203
7.917608654714428	169.15	163	198
8.017831549077902	159.65	158	170
8.118054443441375	158.0	158	158
8.21827733780485	157.9	157	158
8.318500232168324	157.1	153	158
8.418723126531797	156.65	153	158
8.518946020895271	156.95	152	160
8.619168915258744	160.1	151	165
8.719391809622218	168.2	151	189
8.819614703985692	186.9	161	197
8.919837598349165	198.5	192	204
9.02006049271264	197.8	195	201
9.120283387076114	196.8	196	198
9.220506281439587	174.55	163	198
9.320729175803061	152.3	131	200
9.420952070166534	135.7	131	166
9.521174964530008	124.7	124	128
9.621397858893483	127.6	127	130
9.721620753256955	141.5	136	149
9.82184364762043	156.15	149	163
9.922066541983904	162.3	161	163
10.022289436347377	162.6	161	163
10.122512330710851	158.7	154	163
10.222735225074326	146.25	135	154
10.322958119437798	138.0	133	150
10.423181013801273	134.2	130	148
10.523403908164745	132.45	130	134
10.62362680252822	132.4	130	135
10.723849696891694	132.85	130	135
10.824072591255167	133.45	130	136
10.924295485618641	137.3	132	146
11.024518379982116	149.5	140	159
11.124741274345588	157.6	153	162
11.224964168709063	159.65	159	161
11.325187063072537	159.6	159	161
11.42540995743601	162.9	158	166
11.525632851799484	162.4	155	170
11.625855746162957	150.0	122	170
11.726078640526431	128.15	119	169
11.826301534889906	120.8	119	131
11.926524429253378	136.4	133	138
12.026747323616853	137.9	120	146
12.126970217980327	120.0	120	120
12.2271931123438	121.45	120	126
12.327416006707274	127.85	126	131
12.427638901070747	123.45	121	133
12.527861795434221	115.05	114	120
12.628084689797696	131.0	131	131
12.728307584161168	138.8	137	139
12.828530478524643	137.25	132	139
12.928753372888117	133.0	132	134
13.02897626725159	133.35	131	135
13.129199161615064	131.9	129	133
13.229422055978539	129.6	121	132
13.329644950342011	121.45	113	123
13.429867844705486	114.75	113	116
13.530090739068958	125.25	124	126
13.630313633432433	131.55	130	133
13.730536527795907	134.2	134	135
13.83075942215938	137.5	136	138
13.930982316522854	153.0	153	153
14.031205210886329	159.0	158	160
14.131428105249801	159.0	159	159
14.231650999613276	152.5	151	154
14.331873893976748	150.6	149	151
14.432096788340223	145.35	142	151
14.532319682703697	164.05	164	165
14.63254257706717	170.8	169	173
14.732765471430644	164.05	158	168
14.832988365794119	157.1	157	158
14.933211260157591	158.05	158	159
15.033434154521066	162.0	162	162
15.13365704888454	162.7	162	163
15.233879943248013	150.95	150	157
15.334102837611487	149.5	141	153
15.43432573197496	141.0	141	141
15.534548626338434	141.0	141	141
15.634771520701909	150.45	141	159
15.734994415065382	162.25	161	166
15.835217309428856	177.05	177	178
15.93544020379233	177.0	176	178
16.035663098155805	176.1	176	177
16.135885992519277	180.4	177	184
16.23610888688275	183.35	179	192
16.336331781246226	168.05	154	195
16.4365546756097	157.75	154	181
16.53677756997317	154.0	154	154
16.637000464336648	154.0	154	154
16.73722335870012	140.95	140	141
16.837446253063593	113.0	113	113
16.937669147427066	114.0	114	114
17.037892041790542	126.7	122	130
17.138114936154015	145.85	144	146
17.238337830517487	155.05	155	156
17.338560724880963	162.0	162	162
17.438783619244436	161.6	154	162
17.53900651360791	122.35	121	133
17.639229407971385	112.2	98	113
17.739452302334858	96.0	96	96
17.83967519669833	93.05	93	94
17.939898091061806	93.0	93	93
18.04012098542528	93.0	93	93
18.14034387978875	94.0	94	94
18.240566774152228	96.0	96	96
18.3407896685157	108.6	96	110
18.441012562879173	123.0	123	123
18.54123545724265	122.05	122	123
18.641458351606122	122.0	122	122
18.741681245969595	122.0	122	122
18.841904140333067	110.0	110	110
18.942127034696544	105.05	105	106
19.042349929060016	112.0	112	112
19.14257282342349	112.0	112	112
19.242795717786965	111.9	111	112
19.343018612150438	121.25	119	130
19.44324150651391	123.55	123	125
19.543464400877387	113.7	112	117
19.64368729524086	112.35	112	113
19.743910189604332	112.0	112	112
19.844133083967808	111.1	108	112
19.94435597833128	101.7	98	104
20.044578872694753	82.35	81	85
20.14480176705823	82.85	81	85
20.245024661421702	84.5	81	85
20.345247555785175	82.1	82	83
20.44547045014865	82.0	82	82
20.545693344512124	82.0	82	82
20.645916238875596	81.75	81	82
20.74613913323907	80.05	79	81
20.846362027602545	79.15	79	80
20.946584921966018	79.0	79	79
21.04680781632949	78.65	77	79
21.147030710692967	74.15	73	75
21.24725360505644	63.2	59	68
21.347476499419912	53.3	53	55
21.447699393783388	53.0	53	53
21.54792228814686	58.7	53	60
21.648145182510333	66.85	65	67
21.74836807687381	67.0	67	67
21.848590971237282	67.4	67	73
21.948813865600755	84.8	80	86
22.04903675996423	98.35	91	99
22.149259654327704	98.2	94	99
22.249482548691176	92.55	92	95
22.349705443054653	93.7	92	97
22.449928337418125	98.2	91	100
22.550151231781598	95.65	94	100
22.650374126145074	95.1	95	96
22.750597020508547	90.35	85	96
22.85081991487202	84.2	83	86
22.951042809235492	83.9	83	84
23.05126570359897	76.0	70	82
23.15148859796244	68.05	67	70
23.251711492325914	68.95	68	70
23.35193438668939	69.05	69	70
23.452157281052862	69.15	69	70
23.552380175416335	70.4	68	72
23.65260306977981	67.8	67	70
23.752825964143284	63.05	58	67
23.853048858506757	50.55	48	55
23.953271752870233	48.9	47	52
24.053494647233705	49.15	47	52
24.153717541597178	50.1	50	52
24.253940435960654	50.1	50	51
24.354163330324127	49.5	48	51
24.4543862246876	48.4	46	50
24.554609119051076	47.75	46	50
24.65483201341455	48.0	47	49
24.75505490777802	48.05	48	49
24.855277802141494	48.0	48	48
24.95550069650497	46.8	45	48
25.055723590868443	45.4	44	47
25.155946485231915	43.85	42	45
25.25616937959539	42.8	42	45
25.356392273958864	42.4	42	44
25.456615168322337	42.2	42	43
25.556838062685813	42.75	42	43
25.657060957049286	42.9	42	43
25.75728385141276	43.0	43	43
25.857506745776234	43.25	43	44
25.957729640139707	43.6	43	44
26.05795253450318	43.85	43	44
26.158175428866656	44.0	44	44
26.25839832323013	44.1	44	45
26.3586212175936	44.6	44	46
26.458844111957077	45.55	44	48
26.55906700632055	46.9	45	49
26.659289900684023	48.4	47	49
26.759512795047495	48.95	48	49
26.85973568941097	49.05	49	50
26.959958583774444	49.45	49	51
27.060181478137917	50.35	49	51
27.160404372501393	51.5	50	54
27.260627266864866	54.55	51	59
27.36085016122834	58.9	52	61
27.461073055591815	60.85	59	62
27.561295949955287	61.8	60	63
27.66151884431876	61.95	61	62
27.761741738682236	61.35	61	62
27.86196463304571	61.0	61	61
27.96218752740918	60.6	57	61
28.062410421772658	58.7	57	61
28.16263331613613	57.25	57	61
28.262856210499603	56.85	56	57
28.36307910486308	50.4	50	54
28.46330199922655	47.85	47	49
28.563524893590024	48.65	46	49
28.663747787953497	42.0	42	42
28.763970682316973	42.0	42	42
28.864193576680446	42.0	42	42
28.96441647104392	42.0	42	42
29.064639365407395	42.0	42	42
29.164862259770867	42.0	42	42
29.26508515413434	40.35	40	42
29.365308048497816	40.15	39	42
29.46553094286129	45.2	42	50
29.56575383722476	51.45	51	53
29.665976731588238	56.95	56	59
29.76619962595171	59.0	59	59
29.866422520315183	59.0	59	59
29.96664541467866	58.25	58	59
30.066868309042132	58.05	58	59
30.167091203405604	52.4	52	54
30.26731409776908	51.8	50	52
30.367536992132553	39.0	39	39
30.467759886496026	39.2	39	40
30.567982780859502	41.0	41	41
30.668205675222975	44.9	44	45
30.768428569586447	44.0	44	44
30.86865146394992	44.0	44	44
30.968874358313396	44.0	44	44
31.06909725267687	51.55	50	54
31.16932014704034	54.05	54	55
31.269543041403818	53.0	53	53
31.36976593576729	52.4	50	53
31.469988830130763	49.0	49	49
31.57021172449424	49.0	49	49
31.670434618857712	49.65	49	50
31.770657513221185	57.5	55	58
31.87088040758466	55.35	55	57
31.971103301948133	52.5	50	55
32.07132619631161	50.0	50	50
32.17154909067508	50.0	50	50
32.271771985038555	50.35	49	53
32.37199487940203	53.0	53	53
32.4722177737655	59.9	59	60
32.572440668128976	55.95	55	56
32.67266356249245	48.6	48	50
32.77288645685592	48.0	48	48
32.8731093512194	48.0	48	48
32.973332245582874	48.0	48	48
33.07355513994634	41.25	41	44
33.17377803430982	39.75	37	41
33.274000928673296	37.05	37	38
33.374223823036765	37.0	37	37
33.47444671740024	37.05	37	38
33.57466961176371	39.1	39	40
33.674892506127186	59.6	56	60
33.77511540049066	70.25	65	72
33.87533829485413	72.0	72	72
33.97556118921761	70.95	70	72
34.075784083581084	70.0	70	70
34.17600697794455	69.25	67	70
34.27622987230803	63.15	63	64
34.376452766671505	51.15	45	55
34.476675661034974	51.95	50	54
34.57689855539845	48.45	48	50
34.67712144976193	48.1	48	49
34.777344344125396	52.05	52	53
34.87756723848887	65.55	60	71
34.97779013285235	75.0	74	76
35.07801302721582	76.0	76	76
35.178235921579294	75.3	75	76
35.27845881594277	76.6	74	80
35.37868171030624	75.3	73	81
35.478904604669715	72.0	71	74
35.57912749903319	69.55	65	74
35.67935039339666	64.45	63	66
35.77957328776014	59.75	58	63
35.87979618212361	56.05	53	58
35.98001907648708	52.7	52	55
36.08024197085056	52.35	52	54
36.180464865214034	52.3	52	54
36.2806877595775	53.25	52	56
36.38091065394098	56.65	56	58
36.481133548304456	55.65	54	58
36.581356442667925	56.2	54	58
36.6815793370314	52.5	50	56
36.78180223139488	50.95	50	54
36.88202512575835	54.0	52	55
36.98224802012182	54.4	54	55
37.0824709144853	57.65	56	58
37.18269380884877	58.0	58	58
37.282916703212244	57.95	57	58
37.38313959757572	58.25	56	60
37.48336249193919	59.35	57	61
37.583585386302666	58.05	57	60
37.683808280666135	56.95	56	60
37.78403117502961	56.5	56	60
37.88425406939309	56.2	56	58
37.984476963756556	55.9	55	57
38.08469985812003	55.45	53	56
38.18492275248351	54.15	51	56
38.28514564684698	51.55	46	56
38.385368541210454	48.8	44	53
38.48559143557393	44.5	37	50
38.5858143299374	40.65	36	50
38.686037224300875	38.5	35	50
38.78626011866435	37.2	35	48
38.88648301302782	36.85	35	49
38.9867059073913	39.45	36	52
39.08692880175477	44.35	40	53
39.18715169611824	45.75	45	54
39.28737459048172	47.55	45	53
39.387597484845195	50.85	49	53
39.487820379208664	51.3	51	54
39.58804327357214	55.3	51	63
39.688266167935616	66.3	63	67
39.788489062299085	67.0	67	67
39.88871195666256	67.0	67	67
39.98893485102604	67.0	67	67
40.08915774538951	67.0	67	67
40.18938063975298	67.0	67	67
40.28960353411646	67.0	67	67
40.38982642847993	66.65	63	67
40.490049322843404	65.45	61	67
40.59027221720688	61.15	43	68
40.69049511157035	56.4	40	66
40.790718005933826	49.1	36	61
40.8909409002973	41.2	33	52
40.99116379466077	36.45	32	41
41.09138668902425	33.6	31	38
41.191609583387724	32.4	31	35
41.29183247775119	31.7	31	34
41.39205537211467	31.4	31	34
41.49227826647814	31.1	31	32
41.592501160841614	31.25	31	33
41.69272405520509	31.55	31	33
41.79294694956856	33.6	31	37
41.893169843932036	39.8	33	45
41.99339273829551	44.1	42	46
42.09361563265898	44.75	43	48
42.19383852702246	48.45	43	55
42.29406142138593	58.45	55	62
42.3942843157494	60.05	58	62
42.49450721011288	59.8	59	62
42.594730104476355	59.65	59	62
42.694952998839824	59.55	59	62
42.7951758932033	59.45	59	62
42.895398787566776	59.35	59	62
42.995621681930245	59.2	59	61
43.09584457629372	59.1	59	60
43.1960674706572	59.05	59	60
43.29629036502067	59.0	59	59
43.39651325938414	58.55	57	59
43.49673615374762	51.65	47	57
43.59695904811109	43.4	42	48
43.697181942474565	42.3	41	45
43.79740483683804	39.15	35	42
43.89762773120151	34.1	30	39
43.997850625564986	34.45	32	37
44.09807351992846	35.4	35	37
44.19829641429193	36.85	35	40
44.29851930865541	40.25	37	43
44.398742203018884	43.85	42	47
44.49896509738235	52.45	50	55
44.59918799174583	55.6	54	56
44.699410886109305	56.1	56	57
44.799633780472774	56.5	56	58
44.89985667483625	58.9	57	60
45.00007956919973	59.15	57	60
45.100302463563196	56.55	55	59
45.20052535792667	55.35	55	57
45.30074825229015	55.35	55	56
45.40097114665362	55.35	53	56
45.501194041017094	51.95	51	54
45.60141693538056	49.25	47	52
45.70163982974404	41.45	40	45
45.801862724107515	40.95	40	42
45.902085618470984	41.0	41	41
46.00230851283446	40.8	40	41
46.10253140719794	37.6	37	40
46.202754301561406	37.05	37	38
46.30297719592488	36.1	34	37
46.40320009028836	28.55	25	32
46.50342298465183	23.45	22	25
46.6036458790153	23.75	22	25
46.70386877337878	24.05	23	25
46.80409166774225	24.6	24	29
46.904314562105725	26.5	24	28
47.0045374564692	28.8	28	29
47.10476035083267	28.65	27	29
47.204983245196146	24.95	24	28
47.30520613955962	26.3	24	29
47.40542903392309	29.0	28	30
47.50565192828657	29.75	29	30
47.605874822650044	30.0	29	31
47.70609771701351	30.25	30	32
47.80632061137699	31.4	30	33
47.906543505740466	32.45	32	33
48.006766400103935	29.8	29	33
48.10698929446741	30.7	29	32
48.20721218883089	32.0	32	32
48.307435083194356	31.1	29	32
48.40765797755783	27.1	27	28
48.50788087192131	27.0	26	28
48.60810376628478	27.05	27	28
48.708326660648254	26.6	26	27
48.80854955501173	20.7	19	24
48.9087724493752	19.0	19	19
49.008995343738675	19.0	19	19
49.10921823810215	19.0	19	19
49.20944113246562	18.3	16	19
49.3096640268291	16.25	16	18
49.409886921192566	16.0	15	17
49.51010981555604	15.2	15	16
49.61033270991952	15.0	15	15
49.71055560428299	15.0	15	15
49.810778498646464	15.0	15	15
49.91100139300994	15.0	15	15
50.01122428737341	14.6	13	15
50.111447181736885	13.45	13	14
50.21167007610036	13.1	13	14
50.31189297046383	13.6	13	15
50.41211586482731	14.95	14	15
50.51233875919078	15.0	15	15
50.61256165355425	15.0	15	15
50.71278454791773	15.0	15	15
50.813007442281204	15.0	15	15
50.91323033664467	15.0	15	15
51.01345323100815	15.0	15	15
51.113676125371626	15.0	15	15
51.213899019735095	15.55	15	17
51.31412191409857	16.4	15	18
51.41434480846205	16.15	16	18
51.51456770282552	17.25	15	19
51.61479059718899	16.7	16	18
51.71501349155247	16.0	16	16
51.81523638591594	16.0	16	16
51.915459280279414	16.0	16	16
52.01568217464289	16.0	16	16
52.11590506900636	16.0	16	16
52.216127963369836	16.0	16	16
52.31635085773331	16.0	16	16
52.41657375209678	16.85	16	19
52.51679664646026	18.3	17	19
52.61701954082373	18.05	18	19
52.7172424351872	17.65	16	19
52.81746532955068	16.7	16	19
52.917688223914155	16.9	16	17
53.017911118277624	17.0	17	17
53.1181340126411	17.0	17	17
53.218356907004576	17.0	17	17
53.318579801368045	17.0	17	17
53.41880269573152	17.0	17	17
53.51902559009499	17.0	17	17
53.61924848445847	17.45	17	18
53.71947137882194	18.0	18	18
53.81969427318541	17.9	17	18
53.91991716754889	16.35	15	18
54.020140061912365	14.3	14	15
54.120362956275834	14.1	14	15
54.22058585063931	14.9	14	15
54.320808745002786	15.0	15	15
54.421031639366255	15.0	15	15
54.52125453372973	15.0	15	15
54.62147742809321	15.0	15	15
54.72170032245668	14.6	14	15
54.82192321682015	13.95	13	14
54.92214611118363	12.95	11	14
55.0223690055471	11.25	11	12
55.122591899910574	11.0	11	11
55.22281479427405	11.0	11	11
55.32303768863752	10.25	10	11
55.423260583000996	10.0	10	10
55.52348347736447	10.5	10	13
55.62370637172794	12.65	10	14
55.72392926609142	13.6	12	14
55.824152160454894	15.05	14	21
55.92437505481836	20.3	13	24
56.02459794918184	22.75	20	24
56.124820843545315	21.4	18	24
56.225043737908784	14.95	10	18
56.32526663227226	4.9	3	6
