time	diversity	m_div	M_div
0.0	8.0	8	8
0.10020799740872015	15.0	15	15
0.2004159948174403	16.0	16	16
0.30062399222616043	19.0	19	19
0.4008319896348806	20.0	20	20
0.5010399870436008	19.0	19	19
0.6012479844523209	19.0	19	19
0.7014559818610411	23.0	23	23
0.8016639792697612	23.0	23	23
0.9018719766784813	23.0	23	23
1.0020799740872015	23.0	23	23
1.1022879714959217	23.0	23	23
1.2024959689046417	23.0	23	23
1.302703966313362	29.0	29	29
1.4029119637220822	29.0	29	29
1.5031199611308022	29.0	29	29
1.6033279585395224	26.0	26	26
1.7035359559482426	26.0	26	26
1.8037439533569626	38.0	38	38
1.9039519507656828	43.0	43	43
2.004159948174403	44.0	44	44
2.1043679455831232	38.0	38	38
2.2045759429918435	39.3	38	40
2.3047839404005632	39.0	39	39
2.4049919378092834	41.0	41	41
2.5051999352180037	42.0	42	42
2.605407932626724	51.0	51	51
2.705615930035444	50.0	50	50
2.8058239274441643	48.1	47	50
2.906031924852884	41.0	41	41
3.0062399222616043	42.0	42	42
3.1064479196703245	41.0	41	41
3.2066559170790447	42.0	42	42
3.306863914487765	45.0	45	45
3.407071911896485	45.0	45	45
3.5072799093052054	62.75	62	63
3.607487906713925	64.0	64	64
3.7076959041226454	63.0	63	63
3.8079039015313656	56.1	56	57
3.908111898940086	47.0	47	47
4.008319896348806	44.0	44	44
4.108527893757526	45.0	45	45
4.2087358911662465	46.0	46	46
4.308943888574967	47.0	47	47
4.409151885983687	47.0	47	47
4.509359883392406	48.0	48	48
4.6095678808011264	49.0	49	49
4.709775878209847	49.0	49	49
4.809983875618567	52.0	52	52
4.910191873027287	55.0	55	55
5.010399870436007	61.0	61	61
5.1106078678447275	63.5	63	64
5.210815865253448	67.0	67	67
5.311023862662168	61.0	61	61
5.411231860070888	55.95	55	56
5.511439857479608	55.0	55	55
5.611647854888329	48.5	48	49
5.711855852297049	41.0	41	41
5.812063849705768	55.0	55	55
5.912271847114488	58.0	58	58
6.012479844523209	59.0	59	59
6.112687841931929	60.0	60	60
6.212895839340649	57.0	57	57
6.313103836749369	57.0	57	57
6.4133118341580895	56.0	56	56
6.51351983156681	56.0	56	56
6.61372782897553	58.0	58	58
6.71393582638425	64.0	64	64
6.81414382379297	64.0	64	64
6.914351821201691	64.15	64	65
7.014559818610411	90.05	89	92
7.11476781601913	100.0	100	100
7.21497581342785	101.0	101	101
7.3151838108365705	101.0	101	101
7.415391808245291	118.85	111	123
7.515599805654011	124.0	124	124
7.615807803062731	115.65	115	117
7.716015800471451	110.0	110	110
7.816223797880172	109.0	109	109
7.916431795288892	106.55	106	107
8.016639792697612	96.0	96	96
8.116847790106332	90.0	90	90
8.217055787515053	90.0	90	90
8.317263784923773	90.0	90	90
8.417471782332493	89.0	89	89
8.517679779741213	89.75	89	90
8.617887777149933	89.05	89	90
8.718095774558654	89.8	89	94
8.818303771967374	96.0	96	96
8.918511769376094	102.8	101	105
9.018719766784812	106.0	106	106
9.118927764193533	106.0	106	106
9.219135761602253	101.0	101	101
9.319343759010973	101.0	101	101
9.419551756419693	89.15	89	90
9.519759753828414	82.0	82	82
9.619967751237134	84.0	84	84
9.720175748645854	87.15	87	88
9.820383746054574	98.95	98	99
9.920591743463294	109.0	109	109
10.020799740872015	109.0	109	109
10.121007738280735	109.0	109	109
10.221215735689455	109.0	109	109
10.321423733098175	102.0	102	102
10.421631730506896	84.0	84	84
10.521839727915616	84.0	84	84
10.622047725324336	79.0	79	79
10.722255722733056	79.0	79	79
10.822463720141776	79.35	79	81
10.922671717550497	83.0	83	83
11.022879714959217	87.0	87	87
11.123087712367937	96.0	96	96
11.223295709776657	96.0	96	96
11.323503707185377	96.0	96	96
11.423711704594098	96.15	96	97
11.523919702002818	87.0	87	87
11.624127699411536	66.0	66	66
11.724335696820257	67.0	67	67
11.824543694228977	67.0	67	67
11.924751691637697	80.0	80	80
12.024959689046417	81.8	80	82
12.125167686455137	73.0	73	73
12.225375683863858	73.0	73	73
12.325583681272578	75.0	75	75
12.425791678681298	72.65	72	73
12.525999676090018	64.0	64	64
12.626207673498739	64.0	64	64
12.726415670907459	67.0	67	67
12.826623668316179	68.85	68	71
12.9268316657249	60.0	60	60
13.02703966313362	60.0	60	60
13.12724766054234	55.0	55	55
13.22745565795106	55.0	55	55
13.32766365535978	55.0	55	55
13.4278716527685	55.0	55	55
13.52807965017722	55.0	55	55
13.62828764758594	57.0	57	57
13.728495644994661	58.0	58	58
13.828703642403381	58.0	58	58
13.928911639812101	58.0	58	58
14.029119637220822	65.0	65	65
14.12932763462954	67.0	67	67
14.22953563203826	66.0	66	66
14.32974362944698	65.15	65	66
14.4299516268557	65.0	65	65
14.53015962426442	85.0	85	85
14.630367621673141	89.0	89	89
14.730575619081861	87.0	87	87
14.830783616490582	89.0	89	89
14.930991613899302	89.1	89	90
15.031199611308022	90.85	90	91
15.131407608716742	91.0	91	91
15.231615606125462	84.0	84	84
15.331823603534183	84.45	84	85
15.432031600942903	73.0	73	73
15.532239598351623	72.75	72	73
15.632447595760343	72.0	72	72
15.732655593169063	78.0	78	78
15.832863590577784	87.35	86	88
15.933071587986504	87.0	87	87
16.033279585395224	87.0	87	87
16.133487582803944	87.0	87	87
16.233695580212665	83.85	80	90
16.333903577621385	64.0	64	64
16.434111575030105	64.0	64	64
16.534319572438825	64.0	64	64
16.634527569847545	64.0	64	64
16.734735567256266	46.0	46	46
16.834943564664986	46.0	46	46
16.935151562073706	47.0	47	47
17.035359559482426	48.0	48	48
17.135567556891147	55.0	55	55
17.235775554299867	65.0	65	65
17.335983551708587	65.0	65	65
17.436191549117307	58.0	58	58
17.536399546526027	44.0	44	44
17.636607543934748	33.0	33	33
17.736815541343468	33.0	33	33
17.837023538752188	32.0	32	32
17.93723153616091	32.0	32	32
18.037439533569625	32.0	32	32
18.137647530978345	32.0	32	32
18.237855528387065	32.0	32	32
18.338063525795786	37.45	36	39
18.438271523204506	46.0	46	46
18.538479520613226	46.0	46	46
18.638687518021946	46.0	46	46
18.738895515430666	46.0	46	46
18.839103512839387	39.0	39	39
18.939311510248107	35.0	35	35
19.039519507656827	36.0	36	36
19.139727505065547	36.0	36	36
19.239935502474268	36.0	36	36
19.340143499882988	41.0	41	41
19.440351497291708	40.0	40	40
19.540559494700428	37.0	37	37
19.64076749210915	37.0	37	37
19.74097548951787	37.0	37	37
19.84118348692659	37.0	37	37
19.94139148433531	36.85	36	37
20.04159948174403	32.0	32	32
20.14180747915275	32.0	32	32
20.24201547656147	32.0	32	32
20.34222347397019	32.0	32	32
20.44243147137891	35.0	35	35
20.54263946878763	35.0	35	35
20.64284746619635	35.0	35	35
20.74305546360507	35.0	35	35
20.84326346101379	32.0	32	32
20.94347145842251	32.0	32	32
21.04367945583123	31.85	30	32
21.14388745323995	29.0	29	29
21.244095450648672	28.35	27	29
21.344303448057392	28.0	28	28
21.444511445466112	30.0	30	30
21.544719442874833	30.0	30	30
21.644927440283553	30.0	30	30
21.745135437692273	32.0	32	32
21.845343435100993	32.0	32	32
21.945551432509713	36.0	36	36
22.045759429918434	36.0	36	36
22.145967427327154	36.0	36	36
22.246175424735874	36.15	35	37
22.346383422144594	35.0	35	35
22.446591419553314	35.0	35	35
22.546799416962035	35.15	35	36
22.647007414370755	35.0	35	35
22.747215411779475	37.75	37	38
22.847423409188195	34.0	34	34
22.947631406596916	35.0	35	35
23.047839404005636	29.0	29	29
23.148047401414352	29.0	29	29
23.248255398823073	29.0	29	29
23.348463396231793	28.95	28	29
23.448671393640513	28.0	28	28
23.548879391049233	29.0	29	29
23.649087388457954	26.0	26	26
23.749295385866674	25.95	25	26
23.849503383275394	16.95	16	20
23.949711380684114	15.0	15	15
24.049919378092834	14.1	14	15
24.150127375501555	14.0	14	14
24.250335372910275	14.0	14	14
24.350543370318995	14.0	14	14
24.450751367727715	13.0	13	13
24.550959365136436	13.0	13	13
24.651167362545156	12.95	12	13
24.751375359953876	12.0	12	12
24.851583357362596	12.0	12	12
24.951791354771316	12.0	12	12
25.051999352180037	12.0	12	12
25.152207349588757	12.0	12	12
25.252415346997477	12.0	12	12
25.352623344406197	12.0	12	12
25.452831341814917	12.0	12	12
25.553039339223638	12.0	12	12
25.653247336632358	12.0	12	12
25.753455334041078	12.0	12	12
25.8536633314498	12.0	12	12
25.95387132885852	17.0	17	17
26.05407932626724	17.0	17	17
26.15428732367596	17.0	17	17
26.25449532108468	17.0	17	17
26.3547033184934	17.0	17	17
26.45491131590212	17.0	17	17
26.55511931331084	17.0	17	17
26.65532731071956	18.0	18	18
26.75553530812828	18.0	18	18
26.855743305537	13.05	13	14
26.95595130294572	14.0	14	14
27.05615930035444	13.25	13	14
27.15636729776316	13.0	13	13
27.25657529517188	14.0	14	14
27.3567832925806	14.0	14	14
27.456991289989322	18.2	15	20
27.557199287398042	21.0	21	21
27.657407284806762	21.95	21	22
27.757615282215482	21.75	21	22
27.857823279624203	21.0	21	21
27.958031277032923	21.0	21	21
28.058239274441643	21.0	21	21
28.158447271850363	21.0	21	21
28.25865526925908	21.0	21	21
28.3588632666678	17.35	16	19
28.45907126407652	16.1	16	17
28.55927926148524	17.0	17	17
28.65948725889396	17.0	17	17
28.75969525630268	15.2	15	16
28.8599032537114	15.0	15	15
28.96011125112012	15.0	15	15
29.06031924852884	15.0	15	15
29.160527245937562	15.0	15	15
29.260735243346282	22.0	22	22
29.360943240755002	20.3	20	21
29.461151238163723	21.0	21	21
29.561359235572443	21.0	21	21
29.661567232981163	23.0	23	23
29.761775230389883	23.0	23	23
29.861983227798603	23.0	23	23
29.962191225207324	23.0	23	23
30.062399222616044	23.0	23	23
30.162607220024764	23.0	23	23
30.262815217433484	23.0	23	23
30.363023214842205	23.0	23	23
30.463231212250925	23.0	23	23
30.563439209659645	21.0	21	21
30.663647207068365	21.0	21	21
30.763855204477085	19.0	19	19
30.864063201885806	20.7	20	21
30.964271199294526	21.0	21	21
31.064479196703246	21.0	21	21
31.164687194111966	21.0	21	21
31.264895191520687	21.0	21	21
31.365103188929407	20.1	20	21
31.465311186338127	20.0	20	20
31.565519183746847	22.2	21	23
31.665727181155567	23.0	23	23
31.765935178564288	23.15	23	24
31.866143175973008	24.0	24	24
31.966351173381728	24.25	24	25
32.06655917079045	25.05	25	26
32.166767168199165	26.0	26	26
32.26697516560789	26.0	26	26
32.367183163016605	30.0	30	30
32.46739116042533	30.0	30	30
32.567599157834046	30.0	30	30
32.66780715524277	29.0	29	29
32.768015152651486	29.0	29	29
32.86822315006021	23.6	23	24
32.96843114746893	24.0	24	24
33.06863914487765	24.0	24	24
33.16884714228637	20.05	20	21
33.26905513969509	21.0	21	21
33.36926313710381	25.85	22	28
33.46947113451253	32.0	32	32
33.56967913192125	34.2	32	37
33.66988712932997	38.0	38	38
33.77009512673869	38.0	38	38
33.87030312414741	38.0	38	38
33.97051112155613	38.0	38	38
34.07071911896485	38.0	38	38
34.17092711637357	42.9	42	43
34.27113511378229	41.0	39	43
34.37134311119101	38.9	38	39
34.47155110859973	31.15	31	32
34.57175910600845	34.0	34	34
34.671967103417174	31.65	30	34
34.77217510082589	35.0	35	35
34.872383098234614	35.0	35	35
34.97259109564333	35.0	35	35
35.072799093052055	35.0	35	35
35.17300709046077	35.0	35	35
35.273215087869495	34.3	34	36
35.37342308527821	36.0	36	36
35.473631082686936	33.3	33	35
35.57383908009565	34.0	34	34
35.674047077504376	34.0	34	34
35.77425507491309	34.0	34	34
35.87446307232182	33.3	33	34
35.97467106973053	33.0	33	33
36.07487906713925	32.0	32	32
36.175087064547974	32.0	32	32
36.27529506195669	32.75	32	33
36.375503059365414	33.0	33	33
36.47571105677413	33.0	33	33
36.575919054182854	32.0	32	32
36.67612705159157	31.9	31	32
36.776335049000295	32.05	31	33
36.87654304640901	33.0	33	33
36.976751043817735	34.0	33	35
37.07695904122645	35.0	35	35
37.177167038635176	35.0	35	35
37.27737503604389	35.0	35	35
37.377583033452616	35.0	35	35
37.47779103086133	35.0	35	35
37.57799902827006	34.5	34	35
37.67820702567877	34.0	34	34
37.7784150230875	34.0	34	34
37.878623020496214	33.9	33	34
37.97883101790494	33.0	33	33
38.079039015313654	33.0	33	33
38.17924701272238	32.7	32	33
38.279455010131095	31.0	31	31
38.37966300753982	31.0	31	31
38.479871004948535	25.65	22	29
38.58007900235726	21.0	21	21
38.680286999765976	21.0	21	21
38.7804949971747	21.0	21	21
38.880702994583416	21.0	21	21
38.98091099199214	21.0	21	21
39.081118989400856	21.0	21	21
39.18132698680958	29.65	26	31
39.2815349842183	31.0	31	31
39.38174298162702	32.25	31	35
39.48195097903574	37.5	37	38
39.58215897644446	38.0	38	38
39.68236697385318	44.7	40	46
39.7825749712619	46.0	46	46
39.88278296867062	46.0	46	46
39.98299096607934	46.0	46	46
40.08319896348806	46.0	46	46
40.18340696089678	46.0	46	46
40.2836149583055	46.0	46	46
40.38382295571422	46.0	46	46
40.48403095312294	46.05	46	47
40.58423895053166	48.75	48	49
40.68444694794038	47.1	46	49
40.784654945349104	49.0	49	49
40.88486294275782	48.75	47	49
40.985070940166544	40.9	40	42
41.08527893757526	34.7	34	36
41.18548693498398	34.0	34	34
41.2856949323927	33.8	33	34
41.38590292980142	30.65	30	33
41.48611092721014	30.0	30	30
41.58631892461886	30.0	30	30
41.68652692202758	30.0	30	30
41.7867349194363	31.3	30	34
41.88694291684502	34.5	33	36
41.98715091425374	33.7	32	34
42.08735891166246	31.05	31	32
42.18756690907118	30.85	30	33
42.2877749064799	32.0	32	32
42.38798290388862	32.0	32	32
42.488190901297344	32.0	32	32
42.58839889870606	32.0	32	32
42.688606896114784	32.0	32	32
42.7888148935235	32.0	32	32
42.889022890932225	32.0	32	32
42.98923088834094	32.0	32	32
43.089438885749665	32.0	32	32
43.18964688315838	32.0	32	32
43.289854880567106	32.0	32	32
43.39006287797582	32.0	32	32
43.490270875384546	32.0	32	32
43.59047887279326	31.55	30	32
43.690686870201986	30.6	30	32
43.7908948676107	34.3	33	35
43.89110286501943	36.0	36	36
43.99131086242814	34.1	32	36
44.09151885983687	32.05	32	33
44.191726857245584	35.9	35	36
44.29193485465431	36.55	36	38
44.392142852063024	49.2	47	51
44.49235084947175	52.0	52	52
44.592558846880465	52.0	52	52
44.69276684428919	52.0	52	52
44.792974841697905	54.85	54	55
44.89318283910663	55.0	55	55
44.993390836515346	55.0	55	55
45.09359883392407	55.0	55	55
45.193806831332786	54.95	54	55
45.29401482874151	53.0	53	53
45.39422282615023	53.0	53	53
45.49443082355895	53.0	53	53
45.59463882096767	49.75	49	52
45.69484681837639	51.0	51	51
45.79505481578511	40.3	40	42
45.89526281319383	40.0	40	40
45.99547081060255	40.0	40	40
46.09567880801127	40.0	40	40
46.19588680541999	37.4	37	38
46.296094802828705	37.0	37	37
46.39630280023743	37.0	37	37
46.496510797646145	36.55	34	37
46.59671879505487	32.15	32	33
46.696926792463586	32.4	32	34
46.79713478987231	35.5	34	37
46.897342787281026	38.35	37	40
46.99755078468975	39.8	39	41
47.09775878209847	38.95	38	39
47.19796677950719	41.0	39	43
47.29817477691591	46.2	46	47
47.39838277432463	48.8	48	49
47.49859077173335	49.0	49	49
47.59879876914207	49.0	49	49
47.69900676655079	49.05	49	50
47.79921476395951	52.55	52	53
47.89942276136823	53.0	53	53
47.99963075877695	53.9	53	55
48.09983875618567	55.0	55	55
48.20004675359439	55.0	55	55
48.30025475100311	53.0	53	53
48.40046274841183	45.4	45	47
48.50067074582055	44.0	44	44
48.60087874322927	44.0	44	44
48.70108674063799	42.0	39	44
48.801294738046714	33.65	33	34
48.90150273545543	34.0	34	34
49.001710732864154	34.0	34	34
49.10191873027287	34.0	34	34
49.202126727681595	31.4	30	33
49.30233472509031	29.9	29	30
49.402542722499035	27.75	27	29
49.50275071990775	27.0	27	27
49.602958717316476	27.0	27	27
49.70316671472519	27.0	27	27
49.803374712133916	26.65	26	27
49.90358270954263	26.0	26	26
50.00379070695136	21.0	20	22
50.10399870436007	22.0	22	22
50.2042067017688	22.0	22	22
50.304414699177514	23.9	22	27
50.40462269658624	29.0	29	29
50.504830693994954	29.0	29	29
50.60503869140368	29.0	29	29
50.705246688812394	29.0	29	29
50.80545468622112	29.0	29	29
50.905662683629835	29.0	29	29
51.00587068103856	29.0	29	29
51.106078678447275	29.0	29	29
51.206286675856	29.05	29	30
51.306494673264716	34.85	33	35
51.40670267067343	28.2	28	29
51.506910668082156	29.9	29	30
51.60711866549087	30.0	30	30
51.7073266628996	30.0	30	30
51.80753466030831	30.0	30	30
51.90774265771704	30.0	30	30
52.007950655125754	30.0	30	30
52.10815865253448	30.0	30	30
52.208366649943194	30.0	30	30
52.30857464735192	30.0	30	30
52.408782644760635	31.65	30	33
52.50899064216936	33.0	33	33
52.609198639578075	32.65	32	35
52.7094066369868	35.0	35	35
52.809614634395516	36.0	36	36
52.90982263180424	35.4	35	36
53.010030629212956	36.0	36	36
53.11023862662168	36.0	36	36
53.210446624030396	36.0	36	36
53.31065462143912	36.0	36	36
53.41086261884784	37.0	37	37
53.51107061625656	37.0	37	37
53.61127861366528	38.0	38	38
53.711486611074	38.0	38	38
53.81169460848272	37.95	37	38
53.91190260589144	35.4	35	36
54.01211060330016	35.0	35	35
54.11231860070888	34.95	34	35
54.2125265981176	32.2	30	34
54.31273459552632	29.15	29	30
54.41294259293504	29.0	29	29
54.51315059034376	29.05	29	30
54.61335858775248	28.5	27	30
54.7135665851612	27.05	27	28
54.81377458256992	27.0	27	27
54.913982579978644	27.0	27	27
55.01419057738736	27.05	26	28
55.114398574796084	27.0	27	27
55.2146065722048	27.0	27	27
55.314814569613524	26.2	26	27
55.41502256702224	31.0	31	31
55.515230564430965	31.0	31	31
55.61543856183968	31.0	31	31
55.715646559248405	33.1	33	34
55.81585455665712	42.95	42	43
55.916062554065846	42.0	42	42
56.01627055147456	41.0	41	41
56.116478548883286	41.0	41	41
56.216686546292	34.95	31	38
